libd_intermediate_layer_colors <- c("L1/2" = "#BF3889",
                                    "L2/3" = "#50DDAC",
                                    "L3/4" = "#8278B0",
                                    "L4/5" = "#BD8339",
                                    "L5/6" = "#FFB300",
                                    "L6/WM" = "#7A3D00")
